Year Month Day Hour Minute Second VelocityX VelocityY Level StdError1 StdError2 StdError3 SNR1 SNR2 SNR3 SignalAmp1 SignalAmp2 SignalAmp3 Noise1 Noise2 Noise3 IceDetection Heading Pitch Roll StdDevHeading StdDevPitch StdDevRoll Temperature Pressure StdDevPressure Voltage CellBegin CellEnd Speed Direction Area Flow 
2015 12 10 15 34 46    45.0     0.3   1.025   0.3   0.1   0.0  29.7  27.5   0.0 104 100   0  35  36  24   0  270.7   2.8  -2.4  0.0  0.0  0.0  23.62     1.1531    0.003  13.0   1.5 120.0   45.00    89.6      -1.0000       0.0000
2015 12 10 15 39 46    58.2     5.6   1.025   0.3   0.1   0.0  30.5  28.0   0.0 106 103   0  35  38  24   0  270.7   2.8  -2.4  0.0  0.0  0.0  23.60     1.1547    0.002  13.0   1.5 120.0   58.47    84.5      -1.0000       0.0000
2015 12 10 15 44 46    56.6     4.6   1.029   0.3   0.1   0.0  29.7  28.0   0.0 104 102   0  35  37  24   0  270.7   2.8  -2.4  0.0  0.0  0.0  23.59     1.1595    0.003  13.0   1.5 120.0   56.79    85.4      -1.0000       0.0000
2015 12 10 15 49 46    37.1     3.2   1.031   0.3   0.1   0.0  28.8  27.5   0.0 102 100   0  35  36  24   0  270.7   2.8  -2.4  0.0  0.0  0.0  23.58     1.1622    0.003  13.0   1.5 120.0   37.24    85.1      -1.0000       0.0000
2015 12 10 15 54 46    41.9     0.1   1.033   0.3   0.1   0.0  29.7  28.0   0.0 104 101   0  35  36  24   0  270.7   2.8  -2.4  0.0  0.0  0.0  23.58     1.1654    0.002  13.0   1.5 120.0   41.90    89.9      -1.0000       0.0000
2015 12 10 15 59 46    43.3     1.0   1.035   0.3   0.1   0.0  29.2  27.5   0.0 103 101   0  35  37  24   0  270.7   2.8  -2.4  0.0  0.0  0.0  23.58     1.1674    0.003  13.0   1.5 120.0   43.31    88.7      -1.0000       0.0000
2015 12 10 16 04 46    41.8    -1.2   1.035   0.3   0.1   0.0  29.7  28.0   0.0 103 100   0  34  35  24   0  270.7   2.8  -2.4  0.0  0.0  0.0  23.57     1.1682    0.002  13.0   1.5 120.0   41.82    91.6      -1.0000       0.0000
2015 12 10 16 09 46    49.9     0.9   1.039   0.3   0.1   0.0  29.7  27.5   0.0 105 101   0  36  37  24   0  270.7   2.8  -2.4  0.0  0.0  0.0  23.57     1.1709    0.003  13.0   1.5 120.0   49.91    89.0      -1.0000       0.0000
2015 12 10 16 14 46    64.8     7.6   1.042   0.3   0.1   0.0  31.8  29.7   0.0 109 103   0  35  34  24   0  270.7   2.8  -2.4  0.0  0.0  0.0  23.57     1.1729    0.002  13.0   1.5 120.0   65.24    83.3      -1.0000       0.0000
2015 12 10 16 19 46    46.1     2.4   1.043   0.3   0.1   0.0  29.7  28.0   0.0 105 101   0  36  36  24   0  270.7   2.8  -2.4  0.0  0.0  0.0  23.56     1.1745    0.002  13.0   1.5 120.0   46.16    87.0      -1.0000       0.0000
2015 12 10 16 24 46    43.1     1.2   1.047   0.2   0.1   0.0  30.5  28.4   0.0 106 102   0  35  36  24   0  270.7   2.8  -2.4  0.0  0.0  0.0  23.56     1.1769    0.003  13.0   1.5 120.0   43.12    88.4      -1.0000       0.0000
2015 12 10 16 29 46    39.0    -0.3   1.049   0.3   0.1   0.0  30.5  28.4   0.0 105 102   0  34  36  24   0  270.7   2.8  -2.4  0.0  0.0  0.0  23.56     1.1784    0.002  13.0   1.5 120.0   39.00    90.4      -1.0000       0.0000
2015 12 10 16 34 46    40.8     0.9   1.050   0.3   0.1   0.0  29.7  28.8   0.0 105 102   0  36  35  25   0  270.7   2.8  -2.4  0.0  0.0  0.0  23.56     1.1788    0.003  13.0   1.5 120.0   40.81    88.7      -1.0000       0.0000
2015 12 10 16 39 46    46.1     2.1   1.049   0.3   0.1   0.0  30.5  28.8   0.0 105 102   0  34  35  24   0  270.7   2.8  -2.4  0.0  0.0  0.0  23.56     1.1780    0.003  13.0   1.5 120.0   46.15    87.4      -1.0000       0.0000
2015 12 10 16 44 46    40.1     2.9   1.048   0.3   0.1   0.0  30.1  28.0   0.0 104 100   0  34  35  24   0  270.7   2.8  -2.4  0.0  0.0  0.0  23.56     1.1765    0.003  13.0   1.5 120.0   40.20    85.9      -1.0000       0.0000
2015 12 10 16 49 46    32.7     1.7   1.046   0.3   0.1   0.0  28.8  28.4   0.0 102 101   0  35  35  24   0  270.8   2.8  -2.4  0.0  0.0  0.0  23.56     1.1769    0.003  13.0   1.5 120.0   32.74    87.0      -1.0000       0.0000
2015 12 10 16 54 46    29.4    -0.2   1.048   0.2   0.1   0.0  29.7  27.5   0.0 103 101   0  34  37  24   0  270.7   2.8  -2.4  0.0  0.0  0.0  23.56     1.1796    0.002  13.0   1.5 120.0   29.40    90.4      -1.0000       0.0000
2015 12 10 16 59 46    24.9    -2.5   1.046   0.3   0.1   0.0  29.2  27.5   0.0 102  98   0  34  34  24   0  270.7   2.8  -2.4  0.0  0.0  0.0  23.57     1.1769    0.003  13.0   1.5 120.0   25.03    95.7      -1.0000       0.0000
2015 12 10 17 04 46    29.1    -0.4   1.045   0.3   0.1   0.0  28.4  28.0   0.0 103 100   0  37  35  23   0  270.7   2.8  -2.4  0.0  0.0  0.0  23.57     1.1761    0.003  13.0   1.5 120.0   29.10    90.8      -1.0000       0.0000
2015 12 10 17 09 46    31.5     0.1   1.043   0.3   0.1   0.0  29.7  28.4   0.0 102 101   0  33  35  24   0  270.7   2.8  -2.4  0.0  0.0  0.0  23.57     1.1753    0.003  13.0   1.5 120.0   31.50    89.8      -1.0000       0.0000
2015 12 10 17 14 46    32.1     1.4   1.044   0.3   0.1   0.0  28.4  28.8   0.0 101 102   0  35  35  24   0  270.7   2.8  -2.4  0.0  0.0  0.0  23.57     1.1749    0.003  12.8   1.5 120.0   32.13    87.5      -1.0000       0.0000
2015 12 10 17 19 46    32.5     0.9   1.044   0.3   0.1   0.0  28.8  28.4   0.0 103 101   0  36  35  25   0  270.7   2.8  -2.4  0.0  0.0  0.0  23.56     1.1749    0.003  12.8   1.5 120.0   32.51    88.4      -1.0000       0.0000
2015 12 10 17 24 46    39.8     1.2   1.042   0.3   0.1   0.0  29.2  28.0   0.0 103 101   0  35  36  23   0  270.8   2.8  -2.4  0.0  0.0  0.0  23.56     1.1741    0.002  12.8   1.5 120.0   39.82    88.3      -1.0000       0.0000
2015 12 10 17 29 46    31.2     1.4   1.042   0.3   0.1   0.0  28.8  28.4   0.0 102 101   0  35  35  24   0  270.7   2.8  -2.4  0.0  0.0  0.0  23.57     1.1733    0.001  12.8   1.5 120.0   31.23    87.4      -1.0000       0.0000
2015 12 10 17 34 46    40.0     0.1   1.042   0.3   0.1   0.0  28.4  28.4   0.0 104 101   0  38  35  23   0  270.8   2.8  -2.4  0.0  0.0  0.0  23.57     1.1741    0.002  12.6   1.5 120.0   40.00    89.9      -1.0000       0.0000
2015 12 10 17 39 46    42.1     1.6   1.039   0.3   0.1   0.0  29.2  28.0   0.0 103 101   0  35  36  24   0  270.7   2.8  -2.4  0.0  0.0  0.0  23.57     1.1729    0.002  12.6   1.5 120.0   42.13    87.8      -1.0000       0.0000
2015 12 10 17 44 46    34.5     0.0   1.039   0.3   0.1   0.0  28.4  27.1   0.0 102  99   0  36  36  25   0  270.8   2.8  -2.4  0.0  0.0  0.0  23.57     1.1729    0.002  12.6   1.5 120.0   34.50    90.0      -1.0000       0.0000
2015 12 10 17 49 46    27.0    -0.9   1.039   0.3   0.1   0.0  28.0  27.1   0.0 100  99   0  35  36  24   0  270.7   2.8  -2.4  0.0  0.0  0.0  23.56     1.1725    0.003  12.6   1.5 120.0   27.01    91.9      -1.0000       0.0000
2015 12 10 17 54 46    27.7     0.9   1.037   0.3   0.1   0.0  27.5  27.5   0.0 100 100   0  36  36  25   0  270.8   2.8  -2.4  0.0  0.0  0.0  23.56     1.1689    0.003  12.6   1.5 120.0   27.71    88.1      -1.0000       0.0000
2015 12 10 17 59 46    31.1     0.4   1.038   0.3   0.1   0.0  28.4  27.5   0.0 101 101   0  35  37  24   0  270.8   2.8  -2.4  0.0  0.0  0.0  23.56     1.1705    0.003  12.6   1.5 120.0   31.10    89.3      -1.0000       0.0000
2015 12 10 18 04 46    34.3    -1.9   1.038   0.3   0.1   0.0  29.7  28.0   0.0 103 101   0  34  36  25   0  270.8   2.8  -2.4  0.0  0.0  0.0  23.56     1.1693    0.003  12.6   1.5 120.0   34.35    93.2      -1.0000       0.0000
2015 12 10 18 09 46    45.0     1.2   1.034   0.3   0.1   0.0  29.7  28.4   0.0 105 102   0  36  36  23   0  270.7   2.8  -2.4  0.0  0.0  0.0  23.56     1.1670    0.002  12.6   1.5 120.0   45.02    88.5      -1.0000       0.0000
2015 12 10 18 14 46    42.1     0.5   1.033   0.3   0.1   0.0  28.8  27.1   0.0 104 102   0  37  39  24   0  270.7   2.8  -2.4  0.0  0.0  0.0  23.56     1.1654    0.003  12.6   1.5 120.0   42.10    89.3      -1.0000       0.0000
2015 12 10 18 19 46    38.3    -1.0   1.033   0.3   0.1   0.0  30.1  27.1   0.0 105 100   0  35  37  23   0  270.7   2.8  -2.4  0.0  0.0  0.0  23.56     1.1642    0.003  12.6   1.5 120.0   38.31    91.5      -1.0000       0.0000
2015 12 10 18 24 46    44.4     2.2   1.032   0.3   0.1   0.0  29.2  28.4   0.0 104 102   0  36  36  24   0  270.7   2.8  -2.4  0.0  0.0  0.0  23.55     1.1634    0.003  12.6   1.5 120.0   44.45    87.2      -1.0000       0.0000
2015 12 10 18 29 46    36.2    -1.9   1.029   0.3   0.1   0.0  27.5  28.0   0.0 106 100   0  42  35  24   0  270.7   2.8  -2.4  0.0  0.0  0.0  23.54     1.1622    0.003  12.6   1.5 120.0   36.25    93.0      -1.0000       0.0000
2015 12 10 18 34 46    34.8     0.0   1.031   0.3   0.1   0.0  28.8  27.5   0.0 103 100   0  36  36  24   0  270.7   2.8  -2.4  0.0  0.0  0.0  23.54     1.1622    0.003  12.6   1.5 120.0   34.80    90.0      -1.0000       0.0000
2015 12 10 18 39 46    37.9    -0.5   1.031   0.3   0.1   0.0  29.2  27.5   0.0 104 101   0  36  37  24   0  270.7   2.8  -2.4  0.0  0.0  0.0  23.53     1.1618    0.002  12.6   1.5 120.0   37.90    90.8      -1.0000       0.0000
2015 12 10 18 44 46    36.1    -0.1   1.030   0.3   0.1   0.0  29.2  28.4   0.0 104 101   0  36  35  24   0  270.7   2.8  -2.4  0.0  0.0  0.0  23.52     1.1614    0.002  12.6   1.5 120.0   36.10    90.2      -1.0000       0.0000
2015 12 10 18 49 46    25.7     0.3   1.031   0.4   0.1   0.0  27.1  26.2   0.0 100  99   0  37  38  24   0  270.7   2.8  -2.4  0.0  0.0  0.0  23.53     1.1630    0.003  12.6   1.5 120.0   25.70    89.3      -1.0000       0.0000
2015 12 10 18 54 46    34.9    -1.3   1.030   0.3   0.1   0.0  28.0  27.5   0.0 103 100   0  38  36  24   0  270.7   2.8  -2.4  0.0  0.0  0.0  23.52     1.1630    0.003  12.6   1.5 120.0   34.92    92.1      -1.0000       0.0000
2015 12 10 18 59 46    48.3     3.4   1.028   0.3   0.1   0.0  31.8  30.5   0.0 110 105   0  36  34  24   0  270.7   2.8  -2.4  0.0  0.0  0.0  23.51     1.1610    0.002  12.6   1.5 120.0   48.42    86.0      -1.0000       0.0000
2015 12 10 19 04 46    26.4    -0.7   1.030   0.3   0.1   0.0  27.5  28.0   0.0 101  98   0  37  33  24   0  270.7   2.8  -2.4  0.0  0.0  0.0  23.50     1.1630    0.003  12.6   1.5 120.0   26.41    91.5      -1.0000       0.0000
2015 12 10 19 09 46    26.0    -2.1   1.030   0.3   0.1   0.0  28.8  27.1   0.0 102  98   0  35  35  24   0  270.7   2.8  -2.4  0.0  0.0  0.0  23.50     1.1638    0.003  12.6   1.5 120.0   26.08    94.6      -1.0000       0.0000
2015 12 10 19 14 46    31.0     0.9   1.031   0.3   0.1   0.0  28.0  27.5   0.0 102 100   0  37  36  24   0  270.7   2.8  -2.4  0.0  0.0  0.0  23.50     1.1654    0.002  12.6   1.5 120.0   31.01    88.3      -1.0000       0.0000
2015 12 10 19 19 46    35.6    -2.3   1.032   0.3   0.1   0.0  28.4  27.5   0.0 104  99   0  38  35  24   0  270.7   2.8  -2.4  0.0  0.0  0.0  23.50     1.1662    0.002  12.6   1.5 120.0   35.67    93.7      -1.0000       0.0000
2015 12 10 19 24 46    37.7    -2.5   1.032   0.3   0.1   0.0  29.2  27.5   0.0 104 100   0  36  36  24   0  270.8   2.8  -2.4  0.0  0.0  0.0  23.49     1.1674    0.002  12.6   1.5 120.0   37.78    93.8      -1.0000       0.0000
2015 12 10 19 29 46    29.4    -1.2   1.032   0.3   0.1   0.0  28.4  28.0   0.0 103 100   0  37  35  23   0  270.8   2.8  -2.4  0.0  0.0  0.0  23.49     1.1674    0.002  12.6   1.5 120.0   29.42    92.3      -1.0000       0.0000
2015 12 10 19 34 46    32.4    -1.3   1.033   0.3   0.1   0.0  28.8  27.1   0.0 103 100   0  36  37  24   0  270.8   2.8  -2.4  0.0  0.0  0.0  23.49     1.1674    0.002  12.6   1.5 120.0   32.43    92.3      -1.0000       0.0000
2015 12 10 19 39 46    37.5    -0.2   1.033   0.3   0.1   0.0  28.8  28.4   0.0 104 102   0  37  36  24   0  270.8   2.8  -2.4  0.0  0.0  0.0  23.48     1.1701    0.003  12.6   1.5 120.0   37.50    90.3      -1.0000       0.0000
2015 12 10 19 44 46    42.1    -1.7   1.034   0.3   0.1   0.0  30.5  28.0   0.0 106 101   0  35  36  24   0  270.8   2.8  -2.4  0.0  0.0  0.0  23.48     1.1709    0.003  12.6   1.5 120.0   42.13    92.3      -1.0000       0.0000
2015 12 10 19 49 46    49.9    -2.2   1.035   0.3   0.1   0.0  31.4  28.0   0.0 108 101   0  35  36  24   0  270.8   2.8  -2.4  0.0  0.0  0.0  23.48     1.1725    0.002  12.6   1.5 120.0   49.95    92.5      -1.0000       0.0000
2015 12 10 19 54 46    57.1     1.2   1.035   0.3   0.1   0.0  31.4  28.8   0.0 108 103   0  35  36  24   0  270.8   2.8  -2.4  0.0  0.0  0.0  23.47     1.1737    0.002  12.6   1.5 120.0   57.11    88.8      -1.0000       0.0000
2015 12 10 19 59 46    65.6     4.3   1.034   0.3   0.1   0.0  31.8  30.1   0.0 110 104   0  36  34  23   0  270.8   2.8  -2.4  0.0  0.0  0.0  23.47     1.1733    0.002  12.6   1.5 120.0   65.74    86.2      -1.0000       0.0000
2015 12 10 20 04 46    64.9     3.9   1.033   0.2   0.0   0.0  32.3  29.7   0.0 110 105   0  35  36  24   0  270.8   2.8  -2.4  0.0  0.0  0.0  23.46     1.1733    0.002  12.4   1.5 120.0   65.02    86.6      -1.0000       0.0000
2015 12 10 20 09 46    62.6     4.5   1.033   0.3   0.1   0.0  31.4  29.2   0.0 108 104   0  35  36  24   0  270.8   2.8  -2.4  0.0  0.0  0.0  23.47     1.1741    0.002  12.4   1.5 120.0   62.76    85.9      -1.0000       0.0000
2015 12 10 20 14 46    66.1     5.8   1.034   0.3   0.1   0.0  31.8  29.7   0.0 109 105   0  35  36  23   0  270.7   2.8  -2.4  0.0  0.0  0.0  23.46     1.1749    0.003  12.4   1.5 120.0   66.35    85.0      -1.0000       0.0000
2015 12 10 20 19 46    76.6     9.4   1.033   0.3   0.1   0.0  32.3  30.5   0.0 109 105   0  34  34  24   0  270.7   2.8  -2.4  0.0  0.0  0.0  23.45     1.1729    0.003  12.4   1.5 120.0   77.17    83.0      -1.0000       0.0000
2015 12 10 20 24 46    75.9     9.6   1.034   0.3   0.1   0.0  31.8  30.5   0.0 109 105   0  35  34  24   0  270.8   2.8  -2.4  0.0  0.0  0.0  23.45     1.1749    0.003  12.4   1.5 120.0   76.50    82.8      -1.0000       0.0000
2015 12 10 20 29 46    74.4     9.0   1.034   0.3   0.1   0.0  31.8  30.5   0.0 108 105   0  34  34  24   0  270.8   2.8  -2.4  0.0  0.0  0.0  23.45     1.1745    0.002  12.4   1.5 120.0   74.94    83.1      -1.0000       0.0000
2015 12 10 20 34 46    77.4     9.7   1.034   0.3   0.1   0.0  30.5  30.1   0.0 108 104   0  37  34  23   0  270.8   2.8  -2.4  0.0  0.0  0.0  23.45     1.1737    0.002  12.4   1.5 120.0   78.01    82.9      -1.0000       0.0000
2015 12 10 20 39 46    74.3     7.8   1.035   0.3   0.1   0.0  31.4  30.5   0.0 107 105   0  34  34  24   0  270.8   2.8  -2.4  0.0  0.0  0.0  23.44     1.1753    0.003  12.4   1.5 120.0   74.71    84.0      -1.0000       0.0000
2015 12 10 20 44 46    78.0     9.9   1.035   0.3   0.1   0.0  31.4  29.7   0.0 107 104   0  34  35  24   0  270.8   2.8  -2.4  0.0  0.0  0.0  23.44     1.1769    0.003  12.4   1.5 120.0   78.63    82.8      -1.0000       0.0000
2015 12 10 20 49 46    57.9     1.7   1.034   0.3   0.1   0.0  30.1  30.1   0.0 106 104   0  36  34  24   0  270.8   2.8  -2.4  0.0  0.0  0.0  23.44     1.1792    0.002  12.4   1.5 120.0   57.92    88.3      -1.0000       0.0000
2015 12 10 20 54 46    59.1     2.5   1.035   0.3   0.1   0.0  30.5  29.2   0.0 106 103   0  35  35  23   0  270.8   2.8  -2.4  0.0  0.0  0.0  23.44     1.1788    0.002  12.4   1.5 120.0   59.15    87.6      -1.0000       0.0000
2015 12 10 20 59 46    54.2     0.7   1.034   0.2   0.0   0.0  31.0  29.7   0.0 106 103   0  34  34  24   0  270.8   2.8  -2.4  0.0  0.0  0.0  23.43     1.1788    0.002  12.4   1.5 120.0   54.20    89.3      -1.0000       0.0000
2015 12 10 21 04 46    61.7     3.2   1.035   0.2   0.0   0.0  31.0  29.2   0.0 106 104   0  34  36  24   0  270.7   2.8  -2.4  0.0  0.0  0.0  23.43     1.1796    0.001  12.4   1.5 120.0   61.78    87.0      -1.0000       0.0000
2015 12 10 21 09 46    69.2     7.5   1.035   0.2   0.0   0.0  31.0  29.2   0.0 107 104   0  35  36  24   0  270.8   2.8  -2.4  0.0  0.0  0.0  23.43     1.1804    0.002  12.4   1.5 120.0   69.61    83.8      -1.0000       0.0000
2015 12 10 21 14 46    72.3     8.3   1.035   0.3   0.1   0.0  31.0  29.7   0.0 107 104   0  35  35  23   0  270.7   2.8  -2.4  0.0  0.0  0.0  23.43     1.1800    0.002  12.4   1.5 120.0   72.77    83.5      -1.0000       0.0000
2015 12 10 21 19 46    72.5     8.9   1.035   0.3   0.1   0.0  31.0  29.7   0.0 107 104   0  35  35  24   0  270.8   2.8  -2.4  0.0  0.0  0.0  23.42     1.1804    0.002  12.4   1.5 120.0   73.04    83.0      -1.0000       0.0000
2015 12 10 21 24 46    71.1     8.6   1.036   0.2   0.1   0.0  31.4  30.1   0.0 107 105   0  34  35  23   0  270.7   2.8  -2.4  0.0  0.0  0.0  23.42     1.1804    0.002  12.4   1.5 120.0   71.62    83.1      -1.0000       0.0000
2015 12 10 21 29 46    75.9     9.7   1.035   0.2   0.0   0.0  31.8  30.1   0.0 108 105   0  34  35  23   0  270.8   2.8  -2.4  0.0  0.0  0.0  23.42     1.1804    0.003  12.4   1.5 120.0   76.52    82.7      -1.0000       0.0000
2015 12 10 21 34 46    75.0     8.8   1.034   0.2   0.1   0.0  31.4  30.5   0.0 107 105   0  34  34  24   0  270.8   2.8  -2.4  0.0  0.0  0.0  23.42     1.1796    0.002  12.4   1.5 120.0   75.51    83.3      -1.0000       0.0000
2015 12 10 21 39 45    60.4     3.1   1.035   0.3   0.1   0.0  31.0  30.5   0.0 107 105   0  35  34  24   0  270.8   2.8  -2.4  0.0  0.0  0.0  23.42     1.1820    0.003  12.4   1.5 120.0   60.48    87.1      -1.0000       0.0000
2015 12 10 21 44 45    57.1     1.2   1.035   0.3   0.1   0.0  31.0  29.2   0.0 107 104   0  35  36  24   0  270.8   2.8  -2.4  0.0  0.0  0.0  23.41     1.1832    0.003  12.4   1.5 120.0   57.11    88.8      -1.0000       0.0000
2015 12 10 21 49 45    56.2     3.5   1.035   0.3   0.1   0.0  30.5  29.7   0.0 106 104   0  35  35  23   0  270.8   2.8  -2.4  0.0  0.0  0.0  23.41     1.1848    0.003  12.4   1.5 120.0   56.31    86.4      -1.0000       0.0000
2015 12 10 21 54 46    59.5     3.8   1.036   0.3   0.1   0.0  30.5  29.7   0.0 106 104   0  35  35  24   0  270.8   2.8  -2.4  0.0  0.0  0.0  23.41     1.1832    0.003  12.4   1.5 120.0   59.62    86.3      -1.0000       0.0000
2015 12 10 21 59 45    55.1     1.2   1.035   0.3   0.1   0.0  30.5  30.1   0.0 106 105   0  35  35  24   0  270.8   2.8  -2.4  0.0  0.0  0.0  23.41     1.1840    0.003  12.4   1.5 120.0   55.11    88.8      -1.0000       0.0000
2015 12 10 22 04 45    52.1     0.9   1.036   0.3   0.1   0.0  31.0  29.7   0.0 106 104   0  34  35  23   0  270.7   2.8  -2.4  0.0  0.0  0.0  23.40     1.1840    0.003  12.4   1.5 120.0   52.11    89.0      -1.0000       0.0000
2015 12 10 22 09 45    47.4     0.1   1.037   0.3   0.1   0.0  29.7  29.2   0.0 106 103   0  37  35  24   0  270.7   2.8  -2.4  0.0  0.0  0.0  23.40     1.1856    0.002  12.4   1.5 120.0   47.40    89.9      -1.0000       0.0000
2015 12 10 22 14 45    54.8     1.3   1.037   0.3   0.1   0.0  30.5  28.4   0.0 106 103   0  35  37  24   0  270.7   2.8  -2.4  0.0  0.0  0.0  23.40     1.1856    0.002  12.4   1.5 120.0   54.82    88.6      -1.0000       0.0000
2015 12 10 22 19 45    50.7     2.3   1.037   0.2   0.1   0.0  30.5  29.2   0.0 106 104   0  35  36  24   0  270.8   2.8  -2.4  0.0  0.0  0.0  23.40     1.1848    0.003  12.4   1.5 120.0   50.75    87.4      -1.0000       0.0000
2015 12 10 22 24 45    54.3     3.0   1.036   0.3   0.1   0.0  30.1  29.2   0.0 105 104   0  35  36  24   0  270.7   2.8  -2.4  0.0  0.0  0.0  23.40     1.1840    0.003  12.4   1.5 120.0   54.38    86.8      -1.0000       0.0000
2015 12 10 22 29 45    50.4    -1.3   1.037   0.3   0.1   0.0  31.0  29.2   0.0 106 103   0  34  35  25   0  270.7   2.8  -2.4  0.0  0.0  0.0  23.40     1.1832    0.003  12.4   1.5 120.0   50.42    91.5      -1.0000       0.0000
2015 12 10 22 34 45    48.6    -0.7   1.036   0.3   0.1   0.0  30.5  29.7   0.0 106 103   0  35  34  24   0  270.7   2.8  -2.4  0.0  0.0  0.0  23.39     1.1832    0.003  12.4   1.5 120.0   48.61    90.8      -1.0000       0.0000
2015 12 10 22 39 45    43.6    -1.1   1.036   0.2   0.1   0.0  30.5  29.2   0.0 106 103   0  35  35  24   0  270.8   2.8  -2.4  0.0  0.0  0.0  23.39     1.1840    0.003  12.4   1.5 120.0   43.61    91.4      -1.0000       0.0000
2015 12 10 22 44 45    50.8     0.6   1.036   0.2   0.1   0.0  31.0  29.2   0.0 106 103   0  34  35  23   0  270.7   2.8  -2.4  0.0  0.0  0.0  23.39     1.1836    0.003  12.4   1.5 120.0   50.80    89.3      -1.0000       0.0000
2015 12 10 22 49 45    51.8     1.7   1.038   0.3   0.1   0.0  30.5  30.1   0.0 106 104   0  35  34  24   0  270.7   2.8  -2.4  0.0  0.0  0.0  23.38     1.1848    0.002  12.4   1.5 120.0   51.83    88.1      -1.0000       0.0000
2015 12 10 22 54 45    45.4     0.0   1.037   0.3   0.1   0.0  30.5  30.1   0.0 105 103   0  34  33  24   0  270.8   2.8  -2.4  0.0  0.0  0.0  23.38     1.1840    0.003  12.4   1.5 120.0   45.40    90.0      -1.0000       0.0000
2015 12 10 22 59 45    44.4    -0.2   1.040   0.3   0.1   0.0  31.8  29.7   0.0 108 105   0  34  36  23   0  270.7   2.8  -2.4  0.0  0.0  0.0  23.38     1.1859    0.002  12.4   1.5 120.0   44.40    90.3      -1.0000       0.0000
2015 12 10 23 04 45    47.2     0.6   1.043   0.3   0.1   0.0  31.0  30.5   0.0 106 105   0  34  34  24   0  270.7   2.8  -2.4  0.0  0.0  0.0  23.38     1.1879    0.003  12.4   1.5 120.0   47.20    89.3      -1.0000       0.0000
2015 12 10 23 09 45    44.8     0.0   1.043   0.3   0.1   0.0  30.1  29.7   0.0 105 104   0  35  35  24   0  270.8   2.8  -2.4  0.0  0.0  0.0  23.37     1.1867    0.003  12.4   1.5 120.0   44.80    90.0      -1.0000       0.0000
2015 12 10 23 14 45    46.7     1.0   1.045   0.3   0.1   0.0  30.5  28.8   0.0 105 104   0  34  37  24   0  270.8   2.8  -2.4  0.0  0.0  0.0  23.37     1.1883    0.003  12.4   1.5 120.0   46.71    88.8      -1.0000       0.0000
2015 12 10 23 19 45    48.5     0.1   1.048   0.3   0.1   0.0  31.0  29.7   0.0 106 104   0  34  35  24   0  270.7   2.8  -2.4  0.0  0.0  0.0  23.37     1.1903    0.003  12.4   1.5 120.0   48.50    89.9      -1.0000       0.0000
2015 12 10 23 24 45    52.9     3.5   1.050   0.3   0.1   0.0  31.0  30.1   0.0 106 104   0  34  34  23   0  270.8   2.8  -2.4  0.0  0.0  0.0  23.36     1.1911    0.002  12.4   1.5 120.0   53.02    86.2      -1.0000       0.0000
2015 12 10 23 29 45    39.7    -0.1   1.052   0.3   0.1   0.0  30.5  28.8   0.0 106 103   0  35  36  24   0  270.7   2.8  -2.4  0.0  0.0  0.0  23.36     1.1919    0.003  12.4   1.5 120.0   39.70    90.1      -1.0000       0.0000
2015 12 10 23 34 45    50.1     3.4   1.055   0.3   0.1   0.0  30.5  29.7   0.0 106 103   0  35  34  24   0  270.7   2.8  -2.4  0.0  0.0  0.0  23.36     1.1931    0.002  12.4   1.5 120.0   50.22    86.1      -1.0000       0.0000
2015 12 10 23 39 45    45.7     2.3   1.053   0.3   0.1   0.0  31.0  29.7   0.0 106 104   0  34  35  24   0  270.8   2.8  -2.4  0.0  0.0  0.0  23.36     1.1931    0.004  12.4   1.5 120.0   45.76    87.1      -1.0000       0.0000
2015 12 10 23 44 45    56.6     4.4   1.053   0.3   0.1   0.0  31.0  29.7   0.0 106 104   0  34  35  24   0  270.7   2.8  -2.4  0.0  0.0  0.0  23.35     1.1919    0.003  12.4   1.5 120.0   56.77    85.6      -1.0000       0.0000
2015 12 10 23 49 45    46.7     2.0   1.057   0.3   0.1   0.0  30.5  30.5   0.0 105 104   0  34  33  24   0  270.7   2.8  -2.4  0.0  0.0  0.0  23.35     1.1946    0.003  12.4   1.5 120.0   46.74    87.5      -1.0000       0.0000
2015 12 10 23 54 45    42.4     0.0   1.057   0.3   0.1   0.0  31.4  30.1   0.0 107 105   0  34  35  24   0  270.7   2.8  -2.4  0.0  0.0  0.0  23.35     1.1939    0.003  12.4   1.5 120.0   42.40    90.0      -1.0000       0.0000
2015 12 10 23 59 45    49.6     2.3   1.055   0.3   0.1   0.0  30.5  29.7   0.0 105 104   0  34  35  24   0  270.8   2.8  -2.4  0.0  0.0  0.0  23.34     1.1935    0.003  12.4   1.5 120.0   49.65    87.3      -1.0000       0.0000
2015 12 11 00 04 45    53.5     5.1   1.057   0.3   0.1   0.0  30.5  30.1   0.0 105 104   0  34  34  24   0  270.7   2.8  -2.4  0.0  0.0  0.0  23.34     1.1923    0.002  12.4   1.5 120.0   53.74    84.6      -1.0000       0.0000
2015 12 11 00 09 45    57.1     5.5   1.057   0.3   0.1   0.0  28.8  29.7   0.0 106 104   0  39  35  24   0  270.8   2.8  -2.4  0.0  0.0  0.0  23.34     1.1935    0.003  12.4   1.5 120.0   57.36    84.5      -1.0000       0.0000
2015 12 11 00 14 45    53.0     3.4   1.058   0.3   0.1   0.0  30.5  30.1   0.0 105 104   0  34  34  23   0  270.7   2.8  -2.4  0.0  0.0  0.0  23.34     1.1962    0.003  12.4   1.5 120.0   53.11    86.3      -1.0000       0.0000
2015 12 11 00 19 45    57.6     5.7   1.060   0.2   0.1   0.0  30.5  30.1   0.0 105 103   0  34  33  24   0  270.7   2.8  -2.4  0.0  0.0  0.0  23.33     1.1966    0.003  12.4   1.5 120.0   57.88    84.3      -1.0000       0.0000
2015 12 11 00 24 45    55.3     4.3   1.059   0.3   0.1   0.0  30.1  30.1   0.0 104 104   0  34  34  25   0  270.8   2.8  -2.4  0.0  0.0  0.0  23.33     1.1962    0.003  12.4   1.5 120.0   55.47    85.6      -1.0000       0.0000
2015 12 11 00 29 45    50.5     2.0   1.061   0.3   0.1   0.0  30.5  29.7   0.0 105 104   0  34  35  24   0  270.7   2.8  -2.4  0.0  0.0  0.0  23.33     1.1986    0.002  12.4   1.5 120.0   50.54    87.7      -1.0000       0.0000
2015 12 11 00 34 45    53.8     6.2   1.062   0.3   0.1   0.0  30.5  30.1   0.0 105 104   0  34  34  24   0  270.8   2.8  -2.4  0.0  0.0  0.0  23.32     1.1990    0.002  12.4   1.5 120.0   54.16    83.4      -1.0000       0.0000
2015 12 11 00 39 45    55.7     5.2   1.061   0.3   0.1   0.0  30.1  30.5   0.0 105 104   0  35  33  24   0  270.8   2.8  -2.4  0.0  0.0  0.0  23.32     1.1978    0.002  12.4   1.5 120.0   55.94    84.7      -1.0000       0.0000
2015 12 11 00 44 45    45.5     2.9   1.063   0.3   0.1   0.0  30.5  29.2   0.0 105 104   0  34  36  24   0  270.7   2.8  -2.4  0.0  0.0  0.0  23.31     1.1986    0.002  12.4   1.5 120.0   45.59    86.4      -1.0000       0.0000
2015 12 11 00 49 45    57.3     5.8   1.063   0.3   0.1   0.0  28.8  29.7   0.0 105 103   0  38  34  23   0  270.7   2.8  -2.4  0.0  0.0  0.0  23.31     1.2006    0.003  12.4   1.5 120.0   57.59    84.2      -1.0000       0.0000
2015 12 11 00 54 45    43.2     0.0   1.062   0.3   0.1   0.0  30.1  28.8   0.0 104 103   0  34  36  24   0  270.7   2.8  -2.4  0.0  0.0  0.0  23.31     1.2002    0.003  12.4   1.5 120.0   43.20    90.0      -1.0000       0.0000
2015 12 11 00 59 45    51.1     4.3   1.063   0.3   0.1   0.0  30.5  28.8   0.0 105 103   0  34  36  24   0  270.8   2.8  -2.4  0.0  0.0  0.0  23.31     1.2006    0.003  12.4   1.5 120.0   51.28    85.2      -1.0000       0.0000
2015 12 11 01 04 45    50.5     3.3   1.064   0.3   0.1   0.0  30.5  30.1   0.0 105 104   0  34  34  24   0  270.7   2.8  -2.4  0.0  0.0  0.0  23.30     1.2002    0.003  12.4   1.5 120.0   50.61    86.3      -1.0000       0.0000
2015 12 11 01 09 45    46.8     3.9   1.065   0.3   0.1   0.0  30.1  29.7   0.0 105 103   0  35  34  24   0  270.8   2.8  -2.4  0.0  0.0  0.0  23.30     1.2026    0.003  12.4   1.5 120.0   46.96    85.2      -1.0000       0.0000
2015 12 11 01 14 45    47.9     3.5   1.065   0.3   0.1   0.0  30.1  29.7   0.0 104 104   0  34  35  24   0  270.7   2.8  -2.4  0.0  0.0  0.0  23.30     1.2022    0.003  12.4   1.5 120.0   48.03    85.8      -1.0000       0.0000
2015 12 11 01 19 45    48.0     2.5   1.066   0.3   0.1   0.0  30.1  29.7   0.0 104 104   0  34  35  24   0  270.8   2.8  -2.4  0.0  0.0  0.0  23.29     1.2026    0.003  12.4   1.5 120.0   48.07    87.0      -1.0000       0.0000
2015 12 11 01 24 45    55.3     4.3   1.066   0.3   0.1   0.0  30.1  29.7   0.0 105 103   0  35  34  24   0  270.8   2.8  -2.4  0.0  0.0  0.0  23.29     1.2037    0.002  12.4   1.5 120.0   55.47    85.6      -1.0000       0.0000
2015 12 11 01 29 45    48.7     3.8   1.067   0.3   0.1   0.0  31.0  30.1   0.0 105 104   0  33  34  24   0  270.8   2.8  -2.4  0.0  0.0  0.0  23.28     1.2022    0.003  12.4   1.5 120.0   48.85    85.5      -1.0000       0.0000
2015 12 11 01 34 45    45.3     1.8   1.067   0.3   0.1   0.0  30.5  29.7   0.0 104 104   0  33  35  23   0  270.7   2.8  -2.4  0.0  0.0  0.0  23.28     1.2026    0.003  12.4   1.5 120.0   45.34    87.7      -1.0000       0.0000
2015 12 11 01 39 45    47.8     1.6   1.068   0.2   0.1   0.0  30.5  30.1   0.0 105 104   0  34  34  24   0  270.7   2.8  -2.4  0.0  0.0  0.0  23.27     1.2037    0.002  12.4   1.5 120.0   47.83    88.1      -1.0000       0.0000
2015 12 11 01 44 45    50.6     4.7   1.067   0.3   0.1   0.0  30.1  29.7   0.0 105 103   0  35  34  24   0  270.8   2.8  -2.4  0.0  0.0  0.0  23.27     1.2022    0.003  12.4   1.5 120.0   50.82    84.7      -1.0000       0.0000
2015 12 11 01 49 45    55.2     4.3   1.067   0.3   0.1   0.0  29.7  29.7   0.0 104 103   0  35  34  25   0  270.7   2.8  -2.4  0.0  0.0  0.0  23.27     1.2022    0.003  12.4   1.5 120.0   55.37    85.5      -1.0000       0.0000
2015 12 11 01 54 45    61.9     7.8   1.068   0.3   0.1   0.0  30.1  30.1   0.0 104 103   0  34  33  24   0  270.7   2.8  -2.4  0.0  0.0  0.0  23.26     1.2022    0.003  12.4   1.5 120.0   62.39    82.8      -1.0000       0.0000
2015 12 11 01 59 45    49.5     4.7   1.068   0.3   0.1   0.0  30.1  29.7   0.0 104 103   0  34  34  24   0  270.8   2.8  -2.4  0.0  0.0  0.0  23.26     1.2045    0.002  12.4   1.5 120.0   49.72    84.6      -1.0000       0.0000
2015 12 11 02 04 45    53.2     7.7   1.069   0.3   0.1   0.0  29.2  29.7   0.0 103 103   0  35  34  24   0  270.8   2.8  -2.4  0.0  0.0  0.0  23.25     1.2057    0.002  12.4   1.5 120.0   53.75    81.8      -1.0000       0.0000
2015 12 11 02 09 45    62.0     8.4   1.069   0.3   0.1   0.0  30.1  29.7   0.0 104 102   0  34  33  24   0  270.7   2.8  -2.4  0.0  0.0  0.0  23.25     1.2061    0.002  12.4   1.5 120.0   62.57    82.3      -1.0000       0.0000
2015 12 11 02 14 45    49.3     3.5   1.071   0.3   0.1   0.0  30.5  29.2   0.0 104 103   0  33  35  24   0  270.7   2.8  -2.4  0.0  0.0  0.0  23.24     1.2065    0.003  12.4   1.5 120.0   49.42    85.9      -1.0000       0.0000
2015 12 11 02 19 45    54.9     5.6   1.072   0.3   0.1   0.0  30.5  29.7   0.0 104 102   0  33  33  23   0  270.8   2.8  -2.4  0.0  0.0  0.0  23.24     1.2101    0.002  12.4   1.5 120.0   55.18    84.2      -1.0000       0.0000
2015 12 11 02 24 45    57.0     5.1   1.075   0.3   0.1   0.0  30.1  30.1   0.0 104 103   0  34  33  24   0  270.7   2.8  -2.4  0.0  0.0  0.0  23.23     1.2120    0.002  12.4   1.5 120.0   57.23    84.9      -1.0000       0.0000
2015 12 11 02 29 45    54.6     5.6   1.078   0.3   0.1   0.0  31.0  29.7   0.0 104 102   0  32  33  24   0  270.7   2.8  -2.4  0.0  0.0  0.0  23.23     1.2124    0.002  12.4   1.5 120.0   54.89    84.1      -1.0000       0.0000
2015 12 11 02 34 45    56.2     6.0   1.085   0.3   0.1   0.0  30.5  29.7   0.0 104 103   0  33  34  24   0  270.7   2.8  -2.4  0.0  0.0  0.0  23.22     1.2156    0.003  12.4   1.5 120.0   56.52    83.9      -1.0000       0.0000
2015 12 11 02 39 45    58.8     6.9   1.086   0.3   0.1   0.0  30.5  29.7   0.0 104 102   0  33  33  24   0  270.7   2.8  -2.4  0.0  0.0  0.0  23.21     1.2156    0.003  12.4   1.5 120.0   59.20    83.3      -1.0000       0.0000
2015 12 11 02 44 45    50.5     3.2   1.091   0.3   0.1   0.0  30.1  29.2   0.0 104 101   0  34  33  24   0  270.7   2.8  -2.4  0.0  0.0  0.0  23.21     1.2188    0.003  12.4   1.5 120.0   50.60    86.4      -1.0000       0.0000
2015 12 11 02 49 45    49.3     2.7   1.091   0.3   0.1   0.0  29.7  29.7   0.0 104 102   0  35  33  24   0  270.7   2.8  -2.4  0.0  0.0  0.0  23.20     1.2184    0.002  12.4   1.5 120.0   49.37    86.9      -1.0000       0.0000
2015 12 11 02 54 45    58.1     6.7   1.094   0.2   0.0   0.0  30.1  29.7   0.0 104 102   0  34  33  24   0  270.7   2.8  -2.4  0.0  0.0  0.0  23.20     1.2207    0.003  12.4   1.5 120.0   58.49    83.4      -1.0000       0.0000
2015 12 11 02 59 45    55.4     6.9   1.095   0.3   0.1   0.0  29.7  29.7   0.0 104 102   0  35  33  24   0  270.7   2.8  -2.4  0.0  0.0  0.0  23.19     1.2223    0.002  12.4   1.5 120.0   55.83    82.9      -1.0000       0.0000
2015 12 11 03 04 45    49.7     2.5   1.096   0.3   0.1   0.0  30.1  30.1   0.0 104 103   0  34  33  24   0  270.7   2.8  -2.4  0.0  0.0  0.0  23.18     1.2235    0.002  12.2   1.5 120.0   49.76    87.1      -1.0000       0.0000
2015 12 11 03 09 45    44.4     0.2   1.094   0.2   0.0   0.0  30.1  30.1   0.0 104 104   0  34  34  24   0  270.7   2.8  -2.4  0.0  0.0  0.0  23.18     1.2243    0.002  12.2   1.5 120.0   44.40    89.7      -1.0000       0.0000
2015 12 11 03 14 45    48.6     1.5   1.099   0.3   0.1   0.0  30.5  29.7   0.0 104 103   0  33  34  24   0  270.7   2.8  -2.4  0.0  0.0  0.0  23.17     1.2294    0.002  12.2   1.5 120.0   48.62    88.2      -1.0000       0.0000
2015 12 11 03 19 45    50.5     4.3   1.102   0.3   0.1   0.0  30.5  30.1   0.0 104 103   0  33  33  24   0  270.8   2.8  -2.4  0.0  0.0  0.0  23.17     1.2334    0.003  12.2   1.5 120.0   50.68    85.1      -1.0000       0.0000
2015 12 11 03 24 45    52.2     4.6   1.103   0.3   0.1   0.0  30.5  29.7   0.0 104 102   0  33  33  24   0  270.7   2.8  -2.4  0.0  0.0  0.0  23.16     1.2346    0.003  12.2   1.5 120.0   52.40    85.0      -1.0000       0.0000
2015 12 11 03 29 45    50.0     2.4   1.104   0.3   0.1   0.0  30.5  29.2   0.0 104 102   0  33  34  24   0  270.8   2.8  -2.4  0.0  0.0  0.0  23.16     1.2370    0.002  12.2   1.5 120.0   50.06    87.3      -1.0000       0.0000
2015 12 11 03 34 45    51.3     4.1   1.105   0.3   0.1   0.0  30.1  30.1   0.0 104 103   0  34  33  24   0  270.7   2.8  -2.4  0.0  0.0  0.0  23.15     1.2393    0.003  12.2   1.5 120.0   51.46    85.4      -1.0000       0.0000
2015 12 11 03 39 45    52.9     3.1   1.106   0.3   0.1   0.0  29.7  30.5   0.0 103 103   0  34  32  24   0  270.7   2.8  -2.4  0.0  0.0  0.0  23.14     1.2425    0.002  12.2   1.5 120.0   52.99    86.6      -1.0000       0.0000
2015 12 11 03 44 45    55.0     5.2   1.107   0.3   0.1   0.0  31.0  28.8   0.0 104 101   0  32  34  24   0  270.8   2.8  -2.4  0.0  0.0  0.0  23.14     1.2441    0.003  12.2   1.5 120.0   55.25    84.6      -1.0000       0.0000
2015 12 11 03 49 45    61.2     7.5   1.109   0.3   0.1   0.0  30.5  29.7   0.0 104 102   0  33  33  24   0  270.7   2.8  -2.4  0.0  0.0  0.0  23.13     1.2449    0.003  12.2   1.5 120.0   61.66    83.0      -1.0000       0.0000
2015 12 11 03 54 45    55.0     4.3   1.109   0.3   0.1   0.0  30.5  28.8   0.0 104 100   0  33  33  24   0  270.7   2.8  -2.4  0.0  0.0  0.0  23.12     1.2465    0.003  12.2   1.5 120.0   55.17    85.5      -1.0000       0.0000
2015 12 11 03 59 45    59.5     6.6   1.115   0.3   0.1   0.0  30.1  29.2   0.0 104 102   0  34  34  24   0  270.7   2.8  -2.4  0.0  0.0  0.0  23.12     1.2492    0.002  12.2   1.5 120.0   59.86    83.7      -1.0000       0.0000
2015 12 11 04 04 45    55.2     4.8   1.121   0.3   0.1   0.0  30.5  29.7   0.0 104 102   0  33  33  24   0  270.7   2.8  -2.4  0.0  0.0  0.0  23.11     1.2516    0.003  12.2   1.5 120.0   55.41    85.0      -1.0000       0.0000
2015 12 11 04 09 45    56.1     4.9   1.125   0.2   0.1   0.0  31.0  29.7   0.0 104 102   0  32  33  24   0  270.7   2.8  -2.4  0.0  0.0  0.0  23.10     1.2548    0.002  12.2   1.5 120.0   56.31    85.0      -1.0000       0.0000
2015 12 11 04 14 45    48.6     3.1   1.129   0.3   0.1   0.0  30.5  29.2   0.0 104 102   0  33  34  24   0  270.7   2.8  -2.4  0.0  0.0  0.0  23.10     1.2567    0.002  12.2   1.5 120.0   48.70    86.4      -1.0000       0.0000
2015 12 11 04 19 45    51.9     4.5   1.129   0.3   0.1   0.0  30.1  29.7   0.0 103 101   0  33  32  24   0  270.7   2.8  -2.4  0.0  0.0  0.0  23.09     1.2575    0.003  12.2   1.5 120.0   52.09    85.0      -1.0000       0.0000
2015 12 11 04 24 45    35.8    -4.0   1.132   0.3   0.1   0.0  30.5  29.7   0.0 104 102   0  33  33  24   0  270.7   2.8  -2.4  0.0  0.0  0.0  23.09     1.2595    0.003  12.2   1.5 120.0   36.02    96.4      -1.0000       0.0000
2015 12 11 04 29 45    32.5    -0.5   1.133   0.3   0.1   0.0  30.1  30.1   0.0 104 102   0  34  32  24   0  270.7   2.8  -2.4  0.0  0.0  0.0  23.08     1.2619    0.002  12.2   1.5 120.0   32.50    90.9      -1.0000       0.0000
2015 12 11 04 34 45    29.7    -2.3   1.135   0.3   0.1   0.0  30.1  30.1   0.0 104 102   0  34  32  24   0  270.7   2.8  -2.4  0.0  0.0  0.0  23.07     1.2666    0.003  12.2   1.5 120.0   29.79    94.4      -1.0000       0.0000
2015 12 11 04 39 45    25.6    -2.9   1.137   0.3   0.1   0.0  30.5  29.7   0.0 104 101   0  33  32  24   0  270.7   2.8  -2.4  0.0  0.0  0.0  23.07     1.2682    0.002  12.2   1.5 120.0   25.76    96.5      -1.0000       0.0000
2015 12 11 04 44 45    20.2    -2.2   1.138   0.3   0.1   0.0  28.8  29.2   0.0 102 100   0  35  32  24   0  270.7   2.8  -2.4  0.0  0.0  0.0  23.06     1.2698    0.003  12.2   1.5 120.0   20.32    96.2      -1.0000       0.0000
2015 12 11 04 49 45    27.5    -0.1   1.139   0.3   0.1   0.0  30.5  29.2   0.0 103 100   0  32  32  24   0  270.7   2.8  -2.4  0.0  0.0  0.0  23.05     1.2745    0.002  12.2   1.5 120.0   27.50    90.2      -1.0000       0.0000
2015 12 11 04 54 45    24.3    -0.7   1.140   0.3   0.1   0.0  29.7  28.8   0.0 103  99   0  34  32  25   0  270.7   2.8  -2.4  0.0  0.0  0.0  23.05     1.2765    0.003  12.2   1.5 120.0   24.31    91.7      -1.0000       0.0000
2015 12 11 04 59 45    28.1     0.5   1.142   0.3   0.1   0.0  29.7  28.8   0.0 102 100   0  33  33  23   0  270.8   2.8  -2.4  0.0  0.0  0.0  23.04     1.2797    0.003  12.2   1.5 120.0   28.10    89.0      -1.0000       0.0000
2015 12 11 05 04 45    21.9     0.7   1.142   0.3   0.1   0.0  29.2  28.8   0.0 102  99   0  34  32  25   0  270.7   2.8  -2.4  0.0  0.0  0.0  23.03     1.2801    0.002  12.2   1.5 120.0   21.91    88.2      -1.0000       0.0000
2015 12 11 05 09 45    30.1     0.3   1.143   0.3   0.1   0.0  30.1  28.8   0.0 102  99   0  32  32  25   0  270.7   2.8  -2.4  0.0  0.0  0.0  23.03     1.2832    0.003  12.2   1.5 119.5   30.10    89.4      -1.0000       0.0000
2015 12 11 05 14 45    67.5     8.1   1.143   0.2   0.1   0.0  29.7  28.8   0.0 102  99   0  33  32  24   0  270.7   2.8  -2.4  0.0  0.0  0.0  23.02     1.2820    0.002  12.2   1.5 120.0   67.98    83.2      -1.0000       0.0000
2015 12 11 05 19 45    63.8     6.9   1.144   0.2   0.1   0.0  30.1  29.2   0.0 102  99   0  32  31  24   0  270.7   2.8  -2.4  0.0  0.0  0.0  23.01     1.2828    0.003  12.2   1.5 120.0   64.17    83.8      -1.0000       0.0000
2015 12 11 05 24 45    47.6     3.9   1.144   0.2   0.1   0.0  29.7  28.4   0.0 101  98   0  32  32  24   0  270.7   2.8  -2.4  0.0  0.0  0.0  23.01     1.2848    0.003  12.2   1.5 120.0   47.76    85.3      -1.0000       0.0000
2015 12 11 05 29 45    46.6     1.9   1.144   0.3   0.1   0.0  30.1  28.0   0.0 102  98   0  32  33  24   0  270.7   2.8  -2.4  0.0  0.0  0.0  23.00     1.2824    0.003  12.2   1.5 120.0   46.64    87.7      -1.0000       0.0000
2015 12 11 05 34 45    36.8     2.0   1.145   0.3   0.1   0.0  29.2  28.4   0.0 101  98   0  33  32  24   0  270.7   2.8  -2.4  0.0  0.0  0.0  22.99     1.2848    0.003  12.2   1.5 119.5   36.85    86.9      -1.0000       0.0000
2015 12 11 05 39 45    30.8     0.7   1.144   0.3   0.1   0.0  29.7  28.8   0.0 101  99   0  32  32  24   0  270.7   2.8  -2.4  0.0  0.0  0.0  22.99     1.2856    0.003  12.2   1.5 120.0   30.81    88.7      -1.0000       0.0000
2015 12 11 05 44 45    33.3     0.0   1.144   0.2   0.1   0.0  29.2  28.4   0.0 100  98   0  32  32  25   0  270.7   2.8  -2.4  0.0  0.0  0.0  22.98     1.2860    0.002  12.2   1.5 119.5   33.30    90.0      -1.0000       0.0000
2015 12 11 05 49 45    30.9     1.3   1.144   0.3   0.1   0.0  28.8  28.4   0.0 100  98   0  33  32  24   0  270.8   2.8  -2.4  0.0  0.0  0.0  22.97     1.2864    0.002  12.2   1.5 119.5   30.93    87.6      -1.0000       0.0000
2015 12 11 05 54 45    33.0     1.9   1.145   0.3   0.1   0.0  29.2  28.4   0.0 101  98   0  33  32  24   0  270.7   2.8  -2.4  0.0  0.0  0.0  22.97     1.2868    0.003  12.2   1.5 119.5   33.05    86.7      -1.0000       0.0000
2015 12 11 05 59 45    36.0     1.5   1.145   0.3   0.1   0.0  29.2  28.4   0.0 101  98   0  33  32  24   0  270.7   2.8  -2.4  0.0  0.0  0.0  22.96     1.2888    0.003  12.2   1.5 119.5   36.03    87.6      -1.0000       0.0000
2015 12 11 06 04 45    68.4     9.1   1.146   0.3   0.1   0.0  30.5  28.8   0.0 103  99   0  32  32  24   0  270.7   2.8  -2.4  0.0  0.0  0.0  22.96     1.2896    0.003  12.2   1.5 119.5   69.00    82.4      -1.0000       0.0000
2015 12 11 06 09 45    64.3     7.7   1.145   0.3   0.1   0.0  29.7  29.2   0.0 102 100   0  33  32  24   0  270.8   2.8  -2.4  0.0  0.0  0.0  22.96     1.2900    0.003  12.2   1.5 119.5   64.76    83.2      -1.0000       0.0000
2015 12 11 06 14 45    66.3     8.2   1.145   0.3   0.1   0.0  30.5  28.8   0.0 103  99   0  32  32  25   0  270.7   2.8  -2.4  0.0  0.0  0.0  22.95     1.2884    0.003  12.2   1.5 119.5   66.81    82.9      -1.0000       0.0000
2015 12 11 06 19 45    55.2     4.4   1.145   0.3   0.1   0.0  29.2  28.8   0.0 101  99   0  33  32  24   0  270.7   2.8  -2.4  0.0  0.0  0.0  22.94     1.2880    0.003  12.2   1.5 119.5   55.38    85.4      -1.0000       0.0000
2015 12 11 06 24 45    50.3     3.1   1.143   0.3   0.1   0.0  29.2  28.0   0.0 101  98   0  33  33  23   0  270.8   2.8  -2.4  0.0  0.0  0.0  22.94     1.2864    0.002  12.2   1.5 119.5   50.40    86.5      -1.0000       0.0000
2015 12 11 06 29 45    52.4     2.9   1.142   0.3   0.1   0.0  29.7  28.8   0.0 102  99   0  33  32  24   0  270.8   2.8  -2.4  0.0  0.0  0.0  22.94     1.2852    0.003  12.2   1.5 119.5   52.48    86.8      -1.0000       0.0000
2015 12 11 06 34 45    68.2     8.4   1.142   0.3   0.1   0.0  30.5  29.2   0.0 103 100   0  32  32  25   0  270.8   2.8  -2.4  0.0  0.0  0.0  22.94     1.2844    0.003  12.2   1.5 119.5   68.72    83.0      -1.0000       0.0000
2015 12 11 06 39 45    70.2     8.5   1.142   0.3   0.1   0.0  29.7  28.8   0.0 102  99   0  33  32  24   0  270.8   2.8  -2.4  0.0  0.0  0.0  22.93     1.2848    0.003  12.2   1.5 119.5   70.71    83.1      -1.0000       0.0000
2015 12 11 06 44 45    69.0     8.6   1.142   0.3   0.1   0.0  30.5  28.8   0.0 103  99   0  32  32  24   0  270.7   2.8  -2.4  0.0  0.0  0.0  22.92     1.2844    0.003  12.2   1.5 119.5   69.53    82.9      -1.0000       0.0000
2015 12 11 06 49 45    68.1     8.0   1.141   0.3   0.1   0.0  31.8  29.7   0.0 106 102   0  32  33  24   0  270.7   2.8  -2.4  0.0  0.0  0.0  22.92     1.2840    0.003  12.2   1.5 119.5   68.57    83.3      -1.0000       0.0000
2015 12 11 06 54 45    65.5     8.1   1.140   0.3   0.1   0.0  29.7  28.4   0.0 102  99   0  33  33  24   0  270.8   2.8  -2.4  0.0  0.0  0.0  22.92     1.2832    0.003  12.2   1.5 119.5   66.00    83.0      -1.0000       0.0000
2015 12 11 06 59 45    69.2     8.9   1.139   0.3   0.1   0.0  30.1  28.8   0.0 102  99   0  32  32  24   0  270.8   2.8  -2.4  0.0  0.0  0.0  22.91     1.2813    0.003  12.2   1.5 119.5   69.77    82.7      -1.0000       0.0000
2015 12 11 07 04 45    66.3     7.7   1.137   0.3   0.1   0.0  30.1  28.4   0.0 102  99   0  32  33  24   0  270.7   2.8  -2.4  0.0  0.0  0.0  22.91     1.2785    0.003  12.2   1.5 119.5   66.75    83.4      -1.0000       0.0000
2015 12 11 07 09 45    70.5     8.4   1.136   0.3   0.1   0.0  30.1  29.2   0.0 103 100   0  33  32  24   0  270.8   2.8  -2.4  0.0  0.0  0.0  22.91     1.2773    0.003  12.2   1.5 119.5   71.00    83.2      -1.0000       0.0000
2015 12 11 07 14 45    71.8     8.3   1.136   0.3   0.1   0.0  30.1  28.8   0.0 102  99   0  32  32  24   0  270.7   2.8  -2.4  0.0  0.0  0.0  22.90     1.2769    0.003  12.2   1.5 119.5   72.28    83.4      -1.0000       0.0000
2015 12 11 07 19 45    72.0     8.8   1.136   0.3   0.1   0.0  30.5  28.8   0.0 103  99   0  32  32  25   0  270.8   2.8  -2.4  0.0  0.0  0.0  22.90     1.2765    0.003  12.4   1.5 119.5   72.54    83.0      -1.0000       0.0000
2015 12 11 07 24 45    70.0     7.9   1.137   0.3   0.1   0.0  30.1  28.4   0.0 102  99   0  32  33  24   0  270.7   2.8  -2.4  0.0  0.0  0.0  22.90     1.2777    0.003  12.4   1.5 119.5   70.44    83.6      -1.0000       0.0000
2015 12 11 07 29 45    70.5     8.0   1.132   0.3   0.1   0.0  30.1  28.8   0.0 102  98   0  32  31  24   0  270.7   2.8  -2.4  0.0  0.0  0.0  22.89     1.2698    0.003  12.4   1.5 119.5   70.95    83.5      -1.0000       0.0000
