Year Month Day Hour Minute Second VelocityX VelocityY Level StdError1 StdError2 StdError3 SNR1 SNR2 SNR3 SignalAmp1 SignalAmp2 SignalAmp3 Noise1 Noise2 Noise3 IceDetection Heading Pitch Roll StdDevHeading StdDevPitch StdDevRoll Temperature Pressure StdDevPressure Voltage CellBegin CellEnd Speed Direction Area Flow 
2019 01 07 09 54 29    12.8     1.5   0.904   0.2   0.1   0.0  37.0  40.0   0.0 117 122   0  31  29  24   0  259.9  -2.4  -2.0  0.0  0.0  0.0  25.36     0.6958    0.007  13.0   1.5 119.5   12.89    83.3      -1.0000       0.0000
2019 01 07 09 56 29    15.0     1.1   0.906   0.2   0.0   0.0  37.4  39.6   0.0 117 122   0  30  30  23   0  259.8  -2.0  -2.4  0.0  0.0  0.0  25.37     0.6978    0.004  13.0   1.5 119.5   15.04    85.8      -1.0000       0.0000
2019 01 07 09 58 29    13.5     2.4   0.905   0.3   0.1   0.0  37.0  40.0   0.0 116 121   0  30  28  23   0  259.8  -2.0  -2.4  0.0  0.0  0.0  25.39     0.6978    0.004  13.0   1.5 119.5   13.71    79.9      -1.0000       0.0000
2019 01 07 10 00 29    15.1     2.6   0.904   0.3   0.1   0.0  37.4  39.1   0.0 117 120   0  30  29  24   0  259.8  -2.0  -2.4  0.0  0.0  0.0  25.41     0.6994    0.004  13.0   1.5 119.5   15.32    80.2      -1.0000       0.0000
2019 01 07 10 02 29    14.4     1.2   0.907   0.2   0.1   0.0  37.0  40.0   0.0 116 122   0  30  29  23   0  259.8  -2.0  -2.4  0.0  0.0  0.0  25.42     0.6986    0.004  13.0   1.5 119.5   14.45    85.2      -1.0000       0.0000
2019 01 07 10 04 29    15.0     2.7   0.907   0.2   0.0   0.0  37.0  39.6   0.0 116 121   0  30  29  23   0  259.8  -2.0  -2.4  0.0  0.0  0.0  25.44     0.6974    0.003  13.0   1.5 119.5   15.24    79.8      -1.0000       0.0000
2019 01 07 10 06 29    14.7     2.3   0.907   0.3   0.1   0.0  37.4  39.6   0.0 117 121   0  30  29  23   0  259.8  -2.0  -2.4  0.0  0.0  0.0  25.45     0.6978    0.003  13.0   1.5 119.5   14.88    81.1      -1.0000       0.0000
2019 01 07 10 08 29    14.4     1.6   0.911   0.3   0.1   0.0  37.0  40.0   0.0 116 122   0  30  29  24   0  259.8  -2.0  -2.4  0.0  0.0  0.0  25.47     0.7021    0.004  13.0   1.5 119.5   14.49    83.7      -1.0000       0.0000
2019 01 07 10 10 29    15.5     1.7   0.910   0.3   0.1   0.0  37.0  39.6   0.0 116 121   0  30  29  23   0  259.8  -2.0  -2.4  0.0  0.0  0.0  25.48     0.6998    0.003  13.0   1.5 119.5   15.59    83.7      -1.0000       0.0000
2019 01 07 10 12 29    15.8     1.2   0.913   0.2   0.0   0.0  37.0  39.6   0.0 116 120   0  30  28  23   0  259.8  -2.0  -2.4  0.0  0.0  0.0  25.49     0.7017    0.003  13.0   1.5 120.0   15.85    85.7      -1.0000       0.0000
2019 01 07 10 14 29    14.7     2.0   0.913   0.2   0.0   0.0  37.0  39.6   0.0 116 121   0  30  29  23   0  259.8  -2.0  -2.4  0.0  0.0  0.0  25.50     0.7025    0.002  13.0   1.5 120.0   14.84    82.3      -1.0000       0.0000
2019 01 07 10 16 29    13.4     1.7   0.913   0.3   0.1   0.0  36.5  39.6   0.0 116 121   0  31  29  23   0  259.8  -2.0  -2.4  0.0  0.0  0.0  25.52     0.7021    0.002  13.0   1.5 120.0   13.51    82.8      -1.0000       0.0000
2019 01 07 10 18 29    12.4     1.7   0.914   0.2   0.1   0.0  37.0  40.0   0.0 116 121   0  30  28  23   0  259.8  -2.0  -2.4  0.0  0.0  0.0  25.53     0.7013    0.003  13.0   1.5 120.0   12.52    82.2      -1.0000       0.0000
2019 01 07 10 20 29    12.2     1.8   0.911   0.3   0.1   0.0  37.4  39.6   0.0 117 121   0  30  29  23   0  259.8  -2.0  -2.4  0.0  0.0  0.0  25.54     0.6986    0.002  13.0   1.5 120.0   12.33    81.6      -1.0000       0.0000
2019 01 07 10 22 29    13.5     1.7   0.912   0.2   0.1   0.0  37.8  40.0   0.0 118 122   0  30  29  24   0  259.8  -2.0  -2.4  0.0  0.0  0.0  25.55     0.7006    0.004  13.0   1.5 120.0   13.61    82.8      -1.0000       0.0000
2019 01 07 10 24 29    12.0     2.6   0.911   0.3   0.1   0.0  38.3  40.0   0.0 118 122   0  29  29  23   0  259.8  -2.0  -2.4  0.0  0.0  0.0  25.56     0.7021    0.004  13.0   1.5 120.0   12.28    77.8      -1.0000       0.0000
2019 01 07 10 26 29    11.7     2.2   0.912   0.2   0.1   0.0  37.8  40.4   0.0 118 123   0  30  29  23   0  259.8  -2.0  -2.4  0.0  0.0  0.0  25.57     0.6998    0.003  13.0   1.5 120.0   11.91    79.4      -1.0000       0.0000
2019 01 07 10 28 29    10.8     2.0   0.913   0.2   0.1   0.0  37.8  40.9   0.0 118 124   0  30  29  23   0  259.7  -2.0  -2.4  0.0  0.0  0.0  25.58     0.7017    0.003  13.0   1.5 120.0   10.98    79.5      -1.0000       0.0000
2019 01 07 10 30 29    11.4     1.4   0.913   0.2   0.0   0.0  38.3  40.9   0.0 119 124   0  30  29  23   0  259.9  -2.0  -2.4  0.0  0.0  0.0  25.59     0.7017    0.003  13.0   1.5 120.0   11.49    83.0      -1.0000       0.0000
2019 01 07 10 32 29    12.8     1.3   0.911   0.3   0.1   0.0  38.3  40.9   0.0 119 124   0  30  29  23   0  259.8  -2.0  -2.4  0.0  0.0  0.0  25.59     0.7006    0.003  13.0   1.5 120.0   12.87    84.2      -1.0000       0.0000
2019 01 07 10 34 29    14.5     1.0   0.913   0.3   0.1   0.0  39.1  40.9   0.0 121 124   0  30  29  23   0  259.8  -2.0  -2.4  0.0  0.0  0.0  25.60     0.6994    0.003  13.0   1.5 120.0   14.53    86.1      -1.0000       0.0000
2019 01 07 10 36 29    12.0     1.4   0.909   0.3   0.1   0.0  38.7  41.3   0.0 120 124   0  30  28  23   0  259.8  -2.0  -2.4  0.0  0.0  0.0  25.61     0.6982    0.003  13.0   1.5 120.0   12.08    83.3      -1.0000       0.0000
2019 01 07 10 38 29    13.8     1.7   0.908   0.2   0.0   0.0  38.3  40.0   0.0 119 122   0  30  29  24   0  259.8  -2.0  -2.4  0.0  0.0  0.0  25.61     0.6970    0.003  13.0   1.5 120.0   13.90    83.0      -1.0000       0.0000
2019 01 07 10 40 29    13.1     2.0   0.908   0.3   0.1   0.0  37.8  39.6   0.0 118 121   0  30  29  23   0  259.8  -2.0  -2.4  0.0  0.0  0.0  25.62     0.6974    0.003  13.0   1.5 120.0   13.25    81.3      -1.0000       0.0000
2019 01 07 10 42 29    13.3     2.1   0.907   0.3   0.1   0.0  37.8  40.4   0.0 118 122   0  30  28  23   0  259.8  -2.0  -2.4  0.0  0.0  0.0  25.63     0.6970    0.003  13.0   1.5 120.0   13.46    81.0      -1.0000       0.0000
2019 01 07 10 44 29    13.1     2.3   0.909   0.3   0.1   0.0  37.8  40.0   0.0 118 122   0  30  29  23   0  259.8  -2.0  -2.4  0.0  0.0  0.0  25.63     0.6986    0.003  13.0   1.5 120.0   13.30    80.0      -1.0000       0.0000
2019 01 07 10 46 29    12.7     2.0   0.910   0.3   0.1   0.0  37.8  40.4   0.0 118 123   0  30  29  23   0  259.8  -2.0  -2.4  0.0  0.0  0.0  25.64     0.6986    0.004  13.0   1.5 120.0   12.86    81.1      -1.0000       0.0000
2019 01 07 10 48 29    11.7     2.9   0.910   0.3   0.1   0.0  37.8  40.0   0.0 118 122   0  30  29  23   0  259.8  -2.0  -2.4  0.0  0.0  0.0  25.65     0.6990    0.003  13.0   1.5 120.0   12.05    76.1      -1.0000       0.0000
2019 01 07 10 50 29    11.8     3.0   0.912   0.2   0.1   0.0  37.8  40.0   0.0 118 122   0  30  29  23   0  259.8  -2.0  -2.4  0.0  0.0  0.0  25.65     0.7006    0.003  13.0   1.5 120.0   12.18    75.7      -1.0000       0.0000
2019 01 07 10 52 29    11.3     2.8   0.912   0.3   0.1   0.0  37.8  40.9   0.0 118 123   0  30  28  23   0  259.8  -2.0  -2.4  0.0  0.0  0.0  25.66     0.7006    0.003  13.0   1.5 120.0   11.64    76.1      -1.0000       0.0000
2019 01 07 10 54 29    12.4     2.5   0.913   0.3   0.1   0.0  38.3  40.0   0.0 119 122   0  30  29  23   0  259.8  -2.0  -2.4  0.0  0.0  0.0  25.66     0.7029    0.003  13.0   1.5 120.0   12.65    78.6      -1.0000       0.0000
2019 01 07 10 56 29    11.1     2.3   0.916   0.3   0.1   0.0  37.8  40.4   0.0 118 123   0  30  29  24   0  259.8  -2.0  -2.4  0.0  0.0  0.0  25.67     0.7049    0.003  13.0   1.5 120.0   11.34    78.3      -1.0000       0.0000
2019 01 07 10 58 29    11.5     3.2   0.916   0.2   0.0   0.0  37.8  40.4   0.0 118 122   0  30  28  24   0  259.8  -2.0  -2.4  0.0  0.0  0.0  25.68     0.7041    0.003  13.0   1.5 120.0   11.94    74.5      -1.0000       0.0000
2019 01 07 11 00 29    11.8     2.7   0.916   0.3   0.1   0.0  37.4  39.6   0.0 117 122   0  30  30  23   0  259.8  -2.0  -2.4  0.0  0.0  0.0  25.68     0.7037    0.002  13.0   1.5 120.0   12.10    77.1      -1.0000       0.0000
2019 01 07 11 02 29    12.1     2.4   0.916   0.3   0.1   0.0  37.4  39.6   0.0 117 122   0  30  30  23   0  259.8  -2.0  -2.4  0.0  0.0  0.0  25.69     0.7049    0.003  13.0   1.5 120.0   12.34    78.8      -1.0000       0.0000
2019 01 07 11 04 29    11.5     2.8   0.916   0.2   0.1   0.0  37.0  40.4   0.0 117 122   0  31  28  23   0  259.8  -2.0  -2.4  0.0  0.0  0.0  25.70     0.7053    0.003  13.0   1.5 120.0   11.84    76.3      -1.0000       0.0000
2019 01 07 11 06 29    12.0     2.2   0.918   0.2   0.0   0.0  37.8  40.0   0.0 117 122   0  29  29  24   0  259.8  -2.0  -2.4  0.0  0.0  0.0  25.71     0.7065    0.003  13.0   1.5 120.0   12.20    79.6      -1.0000       0.0000
2019 01 07 11 08 29    11.4     2.2   0.918   0.3   0.1   0.0  37.4  39.6   0.0 117 121   0  30  29  23   0  259.8  -2.0  -2.4  0.0  0.0  0.0  25.71     0.7049    0.003  13.0   1.5 120.0   11.61    79.1      -1.0000       0.0000
2019 01 07 11 10 29    11.6     2.4   0.915   0.3   0.1   0.0  37.8  40.9   0.0 118 124   0  30  29  23   0  259.8  -2.0  -2.4  0.0  0.0  0.0  25.72     0.7021    0.014  13.0   1.5 120.0   11.85    78.3      -1.0000       0.0000
2019 01 07 11 12 29    13.8     3.9   0.916   0.3   0.1   0.0  38.3  41.7   0.0 119 125   0  30  28  23   0  259.7  -2.0  -2.4  0.0  0.0  0.0  25.72     0.7025    0.003  13.0   1.5 120.0   14.34    74.2      -1.0000       0.0000
2019 01 07 11 14 29    12.1     3.5   0.917   0.3   0.1   0.0  37.8  40.0   0.0 117 122   0  29  29  23   0  259.8  -2.0  -2.4  0.0  0.0  0.0  25.72     0.7010    0.003  13.0   1.5 120.0   12.60    73.9      -1.0000       0.0000
2019 01 07 11 16 29     9.4     1.8   0.918   0.3   0.1   0.0  37.4  39.6   0.0 118 121   0  31  29  24   0  259.8  -2.0  -2.4  0.0  0.0  0.0  25.73     0.7002    0.003  13.0   1.5 120.0    9.57    79.2      -1.0000       0.0000
2019 01 07 11 18 29    11.7     2.5   0.916   0.2   0.1   0.0  37.8  39.1   0.0 118 120   0  30  29  23   0  259.8  -2.0  -2.4  0.0  0.0  0.0  25.74     0.7002    0.003  13.0   1.5 120.0   11.96    77.9      -1.0000       0.0000
2019 01 07 11 20 29    12.1     2.0   0.916   0.3   0.1   0.0  37.8  39.1   0.0 118 120   0  30  29  23   0  259.8  -2.0  -2.4  0.0  0.0  0.0  25.74     0.6994    0.003  13.0   1.5 120.0   12.26    80.6      -1.0000       0.0000
2019 01 07 11 22 29    11.7     2.0   0.916   0.2   0.1   0.0  37.4  40.0   0.0 118 122   0  31  29  23   0  259.8  -2.0  -2.4  0.0  0.0  0.0  25.75     0.6990    0.003  13.0   1.5 120.0   11.87    80.3      -1.0000       0.0000
2019 01 07 11 24 29    11.8     1.5   0.915   0.2   0.1   0.0  37.8  40.0   0.0 118 122   0  30  29  23   0  259.7  -2.0  -2.4  0.0  0.0  0.0  25.76     0.6986    0.002  13.0   1.5 120.0   11.89    82.8      -1.0000       0.0000
2019 01 07 11 26 29    12.0     1.4   0.916   0.3   0.1   0.0  37.8  39.6   0.0 118 121   0  30  29  23   0  259.8  -2.0  -2.4  0.0  0.0  0.0  25.76     0.6986    0.002  13.0   1.5 120.0   12.08    83.3      -1.0000       0.0000
2019 01 07 11 28 29    11.6     2.3   0.916   0.3   0.1   0.0  37.8  40.0   0.0 118 122   0  30  29  23   0  259.8  -2.0  -2.4  0.0  0.0  0.0  25.77     0.6990    0.003  13.0   1.5 120.0   11.83    78.8      -1.0000       0.0000
2019 01 07 11 30 29    12.1     2.2   0.911   0.2   0.0   0.0  38.3  40.9   0.0 118 124   0  29  29  23   0  259.8  -2.0  -2.4  0.0  0.0  0.0  25.77     0.6974    0.003  13.0   1.5 120.0   12.30    79.7      -1.0000       0.0000
2019 01 07 11 32 29    12.6     2.7   0.915   0.3   0.1   0.0  37.0  40.4   0.0 117 123   0  31  29  24   0  259.8  -2.0  -2.4  0.0  0.0  0.0  25.77     0.6982    0.002  13.0   1.5 120.0   12.89    77.9      -1.0000       0.0000
2019 01 07 11 34 29    12.0     1.8   0.915   0.3   0.1   0.0  37.4  40.0   0.0 117 122   0  30  29  23   0  259.8  -2.0  -2.4  0.0  0.0  0.0  25.79     0.6982    0.002  13.0   1.5 120.0   12.13    81.5      -1.0000       0.0000
2019 01 07 11 36 29    12.4     1.9   0.913   0.3   0.1   0.0  37.4  40.4   0.0 117 123   0  30  29  24   0  259.8  -2.0  -2.4  0.0  0.0  0.0  25.79     0.6982    0.003  13.0   1.5 120.0   12.54    81.3      -1.0000       0.0000
2019 01 07 11 38 29    12.3     2.3   0.916   0.3   0.1   0.0  37.4  40.0   0.0 117 122   0  30  29  23   0  259.8  -2.0  -2.4  0.0  0.0  0.0  25.79     0.6982    0.002  13.0   1.5 120.0   12.51    79.4      -1.0000       0.0000
2019 01 07 11 40 29    13.1     2.5   0.915   0.3   0.1   0.0  37.4  40.0   0.0 117 122   0  30  29  23   0  259.8  -2.0  -2.4  0.0  0.0  0.0  25.80     0.6990    0.003  13.0   1.5 120.0   13.34    79.2      -1.0000       0.0000
2019 01 07 11 42 29    12.7     1.6   0.913   0.3   0.1   0.0  37.4  40.9   0.0 117 123   0  30  28  23   0  259.8  -2.0  -2.4  0.0  0.0  0.0  25.81     0.6978    0.002  13.0   1.5 120.0   12.80    82.8      -1.0000       0.0000
2019 01 07 11 44 29    13.6     1.4   0.914   0.3   0.1   0.0  37.4  40.0   0.0 117 122   0  30  29  23   0  259.8  -2.0  -2.4  0.0  0.0  0.0  25.81     0.6970    0.002  13.0   1.5 120.0   13.67    84.1      -1.0000       0.0000
2019 01 07 11 46 29    12.1     2.2   0.913   0.2   0.1   0.0  37.4  39.6   0.0 117 121   0  30  29  23   0  259.8  -2.0  -2.4  0.0  0.0  0.0  25.81     0.6962    0.002  13.0   1.5 120.0   12.30    79.7      -1.0000       0.0000
2019 01 07 11 48 29    14.0     2.6   0.914   0.2   0.1   0.0  37.0  39.6   0.0 117 121   0  31  29  24   0  259.8  -2.0  -2.4  0.0  0.0  0.0  25.81     0.6954    0.003  13.0   1.5 120.0   14.24    79.5      -1.0000       0.0000
2019 01 07 11 50 29    15.0     2.7   0.912   0.2   0.1   0.0  38.3  39.1   0.0 118 120   0  29  29  24   0  259.8  -2.0  -2.4  0.0  0.0  0.0  25.82     0.6938    0.003  13.0   1.5 120.0   15.24    79.8      -1.0000       0.0000
2019 01 07 11 52 29    14.3     1.8   0.911   0.2   0.1   0.0  37.8  40.0   0.0 118 122   0  30  29  24   0  259.8  -2.0  -2.4  0.0  0.0  0.0  25.83     0.6923    0.002  13.0   1.5 120.0   14.41    82.8      -1.0000       0.0000
2019 01 07 11 54 29    14.3     2.3   0.906   0.3   0.1   0.0  38.3  40.0   0.0 118 122   0  29  29  23   0  259.8  -2.0  -2.4  0.0  0.0  0.0  25.83     0.6903    0.002  13.0   1.5 120.0   14.48    80.9      -1.0000       0.0000
2019 01 07 11 56 29    14.1     1.9   0.905   0.3   0.1   0.0  37.8  40.0   0.0 118 122   0  30  29  23   0  259.8  -2.0  -2.4  0.0  0.0  0.0  25.84     0.6879    0.003  13.0   1.5 120.0   14.23    82.3      -1.0000       0.0000
2019 01 07 11 58 29    15.0     2.7   0.907   0.2   0.0   0.0  37.4  39.6   0.0 117 121   0  30  29  23   0  259.8  -2.0  -2.4  0.0  0.0  0.0  25.84     0.6883    0.003  13.0   1.5 120.0   15.24    79.8      -1.0000       0.0000
2019 01 07 12 00 29    12.3     2.5   0.905   0.2   0.0   0.0  37.8  40.0   0.0 118 122   0  30  29  23   0  259.8  -2.0  -2.4  0.0  0.0  0.0  25.85     0.6895    0.003  13.0   1.5 120.0   12.55    78.5      -1.0000       0.0000
2019 01 07 12 02 29    12.4     2.3   0.908   0.3   0.1   0.0  37.4  39.6   0.0 117 121   0  30  29  23   0  259.8  -2.0  -2.4  0.0  0.0  0.0  25.86     0.6883    0.003  13.0   1.5 120.0   12.61    79.5      -1.0000       0.0000
2019 01 07 12 04 29    13.3     2.6   0.908   0.3   0.1   0.0  37.4  40.0   0.0 117 122   0  30  29  23   0  259.8  -2.0  -2.4  0.0  0.0  0.0  25.86     0.6883    0.003  13.0   1.5 120.0   13.55    78.9      -1.0000       0.0000
2019 01 07 12 06 29    13.3     2.6   0.905   0.3   0.1   0.0  37.0  39.6   0.0 117 121   0  31  29  23   0  259.8  -2.0  -2.4  0.0  0.0  0.0  25.86     0.6867    0.003  13.0   1.5 120.0   13.55    78.9      -1.0000       0.0000
2019 01 07 12 08 29    14.3     2.9   0.906   0.3   0.1   0.0  37.0  39.6   0.0 116 121   0  30  29  22   0  259.8  -2.0  -2.4  0.0  0.0  0.0  25.86     0.6863    0.003  13.0   1.5 120.0   14.59    78.5      -1.0000       0.0000
2019 01 07 12 10 29    14.3     2.7   0.905   0.3   0.1   0.0  37.0  39.6   0.0 116 121   0  30  29  24   0  259.8  -2.0  -2.4  0.0  0.0  0.0  25.87     0.6867    0.003  13.0   1.5 120.0   14.55    79.3      -1.0000       0.0000
2019 01 07 12 12 29    13.3     2.3   0.907   0.2   0.1   0.0  37.0  39.6   0.0 116 121   0  30  29  24   0  259.8  -2.0  -2.4  0.0  0.0  0.0  25.88     0.6875    0.003  13.0   1.5 120.0   13.50    80.2      -1.0000       0.0000
2019 01 07 12 14 29    14.4     2.3   0.906   0.3   0.1   0.0  37.4  39.1   0.0 117 120   0  30  29  23   0  259.8  -2.0  -2.4  0.0  0.0  0.0  25.88     0.6879    0.003  13.0   1.5 120.0   14.58    80.9      -1.0000       0.0000
2019 01 07 12 16 29    14.7     2.7   0.909   0.3   0.1   0.0  37.4  39.6   0.0 117 120   0  30  28  23   0  259.8  -2.0  -2.4  0.0  0.0  0.0  25.88     0.6879    0.003  13.0   1.5 120.0   14.95    79.6      -1.0000       0.0000
2019 01 07 12 18 29    13.8     3.0   0.908   0.2   0.0   0.0  37.4  39.1   0.0 117 120   0  30  29  23   0  259.8  -2.0  -2.4  0.0  0.0  0.0  25.90     0.6879    0.004  13.0   1.5 120.0   14.12    77.7      -1.0000       0.0000
2019 01 07 12 20 29    14.8     2.7   0.910   0.3   0.1   0.0  37.4  39.1   0.0 117 120   0  30  29  24   0  259.7  -2.0  -2.4  0.0  0.0  0.0  25.90     0.6895    0.003  13.0   1.5 120.0   15.04    79.7      -1.0000       0.0000
2019 01 07 12 22 29    14.1     2.7   0.909   0.3   0.1   0.0  37.4  39.1   0.0 117 120   0  30  29  24   0  259.8  -2.0  -2.4  0.0  0.0  0.0  25.90     0.6899    0.004  13.0   1.5 120.0   14.36    79.2      -1.0000       0.0000
2019 01 07 12 24 29    14.8     2.7   0.910   0.3   0.1   0.0  37.4  39.1   0.0 117 120   0  30  29  23   0  259.8  -2.0  -2.4  0.0  0.0  0.0  25.91     0.6895    0.004  13.0   1.5 120.0   15.04    79.7      -1.0000       0.0000
2019 01 07 12 26 29    14.7     2.7   0.909   0.2   0.1   0.0  37.4  39.1   0.0 117 120   0  30  29  23   0  259.8  -2.0  -2.4  0.0  0.0  0.0  25.91     0.6895    0.003  13.0   1.5 120.0   14.95    79.6      -1.0000       0.0000
2019 01 07 12 28 29    15.7     3.0   0.907   0.2   0.1   0.0  37.4  38.7   0.0 117 119   0  30  29  24   0  259.8  -2.0  -2.4  0.0  0.0  0.0  25.92     0.6899    0.003  13.0   1.5 120.0   15.98    79.2      -1.0000       0.0000
2019 01 07 12 30 29    15.0     2.8   0.907   0.3   0.1   0.0  37.0  38.3   0.0 116 118   0  30  29  23   0  259.8  -2.0  -2.4  0.0  0.0  0.0  25.92     0.6899    0.003  13.0   1.5 120.0   15.26    79.4      -1.0000       0.0000
2019 01 07 12 32 29    15.6     3.5   0.908   0.3   0.1   0.0  37.0  38.7   0.0 117 118   0  31  28  23   0  259.8  -2.0  -2.4  0.0  0.0  0.0  25.93     0.6879    0.004  13.0   1.5 120.0   15.99    77.4      -1.0000       0.0000
2019 01 07 12 34 29    16.5     3.5   0.910   0.3   0.1   0.0  37.4  38.3   0.0 117 118   0  30  29  23   0  259.8  -2.0  -2.4  0.0  0.0  0.0  25.93     0.6895    0.003  13.0   1.5 120.0   16.87    78.0      -1.0000       0.0000
2019 01 07 12 36 29    15.5     3.8   0.909   0.2   0.0   0.0  37.4  38.3   0.0 117 118   0  30  29  23   0  259.7  -2.0  -2.4  0.0  0.0  0.0  25.94     0.6879    0.004  13.0   1.5 120.0   15.96    76.2      -1.0000       0.0000
2019 01 07 12 38 29    16.3     2.9   0.907   0.2   0.1   0.0  37.4  38.3   0.0 117 118   0  30  29  23   0  259.7  -2.0  -2.4  0.0  0.0  0.0  25.94     0.6871    0.003  13.0   1.5 120.0   16.56    79.9      -1.0000       0.0000
2019 01 07 12 40 29    17.7     3.5   0.906   0.2   0.1   0.0  37.4  38.3   0.0 117 117   0  30  28  24   0  259.8  -2.0  -2.4  0.0  0.0  0.0  25.95     0.6855    0.002  13.0   1.5 120.0   18.04    78.8      -1.0000       0.0000
2019 01 07 12 42 29    17.4     3.5   0.908   0.2   0.1   0.0  36.5  37.8   0.0 116 117   0  31  29  24   0  259.7  -2.0  -2.4  0.0  0.0  0.0  25.95     0.6851    0.003  13.0   1.5 120.0   17.75    78.6      -1.0000       0.0000
2019 01 07 12 44 29    19.0     3.9   0.907   0.2   0.0   0.0  37.0  37.0   0.0 116 115   0  30  29  23   0  259.8  -2.0  -2.4  0.0  0.0  0.0  25.96     0.6840    0.002  12.8   1.5 120.0   19.40    78.4      -1.0000       0.0000
2019 01 07 12 46 29    17.8     3.2   0.907   0.3   0.1   0.0  37.4  38.3   0.0 117 117   0  30  28  23   0  259.7  -2.0  -2.4  0.0  0.0  0.0  25.96     0.6840    0.003  12.8   1.5 120.0   18.09    79.8      -1.0000       0.0000
2019 01 07 12 48 29    16.1     2.7   0.904   0.3   0.1   0.0  36.5  38.7   0.0 116 118   0  31  28  23   0  259.7  -2.0  -2.4  0.0  0.0  0.0  25.96     0.6828    0.003  12.8   1.5 120.0   16.32    80.5      -1.0000       0.0000
2019 01 07 12 50 29    19.4     4.0   0.903   0.2   0.1   0.0  37.4  37.0   0.0 117 114   0  30  28  23   0  259.8  -2.0  -2.4  0.0  0.0  0.0  25.97     0.6812    0.003  12.8   1.5 120.0   19.81    78.3      -1.0000       0.0000
2019 01 07 12 52 29    19.4     4.1   0.903   0.2   0.1   0.0  37.4  37.4   0.0 117 116   0  30  29  23   0  259.7  -2.0  -2.4  0.0  0.0  0.0  25.97     0.6816    0.003  12.8   1.5 120.0   19.83    78.1      -1.0000       0.0000
2019 01 07 12 54 29    18.1     3.5   0.902   0.2   0.0   0.0  36.5  37.8   0.0 116 116   0  31  28  23   0  259.8  -2.0  -2.4  0.0  0.0  0.0  25.97     0.6808    0.003  12.8   1.5 120.0   18.44    79.1      -1.0000       0.0000
2019 01 07 12 56 29    17.8     3.6   0.900   0.3   0.1   0.0  37.0  37.8   0.0 116 117   0  30  29  23   0  259.8  -2.0  -2.4  0.0  0.0  0.0  25.97     0.6788    0.002  12.6   1.5 120.0   18.16    78.6      -1.0000       0.0000
2019 01 07 12 58 29    17.6     2.7   0.899   0.2   0.0   0.0  37.0  38.7   0.0 116 118   0  30  28  23   0  259.7  -2.0  -2.4  0.0  0.0  0.0  25.98     0.6756    0.003  12.6   1.5 120.0   17.81    81.3      -1.0000       0.0000
2019 01 07 13 00 29    18.0     2.9   0.899   0.2   0.0   0.0  37.0  37.8   0.0 116 117   0  30  29  23   0  259.7  -2.0  -2.4  0.0  0.0  0.0  25.98     0.6737    0.004  12.6   1.5 120.0   18.23    80.8      -1.0000       0.0000
2019 01 07 13 02 29    19.0     2.5   0.897   0.3   0.1   0.0  36.5  38.3   0.0 116 118   0  31  29  23   0  259.8  -2.0  -2.4  0.0  0.0  0.0  25.99     0.6717    0.001  12.6   1.5 120.0   19.16    82.5      -1.0000       0.0000
2019 01 07 13 04 29    19.3     2.7   0.896   0.2   0.0   0.0  37.0  39.6   0.0 116 120   0  30  28  22   0  259.8  -2.0  -2.4  0.0  0.0  0.0  25.99     0.6701    0.003  12.6   1.5 120.0   19.49    82.0      -1.0000       0.0000
2019 01 07 13 06 29    20.3     3.4   0.894   0.2   0.1   0.0  37.4  38.3   0.0 117 118   0  30  29  23   0  259.8  -2.0  -2.4  0.0  0.0  0.0  25.99     0.6654    0.004  12.6   1.5 120.0   20.58    80.5      -1.0000       0.0000
2019 01 07 13 08 29    19.4     3.0   0.893   0.2   0.1   0.0  37.0  37.8   0.0 116 117   0  30  29  23   0  259.8  -2.0  -2.4  0.0  0.0  0.0  25.99     0.6614    0.003  12.6   1.5 120.0   19.63    81.2      -1.0000       0.0000
2019 01 07 13 10 29    18.3     3.4   0.893   0.2   0.1   0.0  37.0  37.8   0.0 116 117   0  30  29  23   0  259.8  -2.0  -2.4  0.0  0.0  0.0  25.99     0.6606    0.002  12.6   1.5 120.0   18.61    79.5      -1.0000       0.0000
2019 01 07 13 12 29    17.3     3.0   0.891   0.3   0.1   0.0  37.0  38.3   0.0 116 119   0  30  30  23   0  259.6  -2.0  -2.4  0.0  0.0  0.0  26.00     0.6586    0.002  12.6   1.5 120.0   17.56    80.2      -1.0000       0.0000
2019 01 07 13 14 29    19.4     2.8   0.891   0.3   0.1   0.0  37.0  39.1   0.0 116 119   0  30  28  24   0  259.8  -2.0  -2.4  0.0  0.0  0.0  26.00     0.6575    0.003  12.6   1.5 120.0   19.60    81.8      -1.0000       0.0000
2019 01 07 13 16 29    18.8     2.5   0.890   0.3   0.1   0.0  36.5  39.1   0.0 116 119   0  31  28  23   0  259.8  -2.0  -2.4  0.0  0.0  0.0  26.00     0.6527    0.003  12.6   1.5 120.0   18.97    82.4      -1.0000       0.0000
2019 01 07 13 18 29    18.3     1.8   0.891   0.3   0.1   0.0  37.0  39.1   0.0 116 120   0  30  29  23   0  259.8  -2.0  -2.4  0.0  0.0  0.0  26.01     0.6519    0.004  12.6   1.5 120.0   18.39    84.4      -1.0000       0.0000
2019 01 07 13 20 29    17.0     2.4   0.890   0.3   0.1   0.0  36.5  39.6   0.0 116 121   0  31  29  23   0  259.8  -2.0  -2.4  0.0  0.0  0.0  26.01     0.6484    0.004  12.6   1.5 120.0   17.17    82.0      -1.0000       0.0000
2019 01 07 13 22 29    17.0     2.0   0.888   0.3   0.1   0.0  37.0  41.3   0.0 116 125   0  30  29  23   0  259.8  -2.0  -2.4  0.0  0.0  0.0  26.01     0.6444    0.003  12.6   1.5 120.0   17.12    83.3      -1.0000       0.0000
2019 01 07 13 24 29    15.1     1.4   0.887   0.3   0.1   0.0  37.0  42.1   0.0 116 127   0  30  29  23   0  259.8  -2.0  -2.4  0.0  0.0  0.0  26.01     0.6408    0.004  12.6   1.5 120.0   15.16    84.7      -1.0000       0.0000
2019 01 07 13 26 29    15.4     0.9   0.886   0.3   0.1   0.0  37.0  41.3   0.0 116 125   0  30  29  23   0  259.8  -2.0  -2.4  0.0  0.0  0.0  26.01     0.6397    0.004  12.6   1.5 120.0   15.43    86.7      -1.0000       0.0000
2019 01 07 13 28 29    14.1    -0.4   0.884   0.3   0.1   0.0  37.0  40.9   0.0 116 123   0  30  28  23   0  259.7  -2.0  -2.4  0.0  0.0  0.0  26.02     0.6353    0.003  12.6   1.5 120.0   14.11    91.6      -1.0000       0.0000
2019 01 07 13 30 29    13.8     0.0   0.882   0.3   0.1   0.0  37.0  41.3   0.0 116 124   0  30  28  23   0  259.8  -2.0  -2.4  0.0  0.0  0.0  26.02     0.6345    0.003  12.6   1.5 120.0   13.80    90.0      -1.0000       0.0000
2019 01 07 13 32 29    13.1     0.1   0.881   0.2   0.0   0.0  37.0  40.9   0.0 117 124   0  31  29  23   0  259.8  -2.0  -2.4  0.0  0.0  0.0  26.03     0.6325    0.004  12.6   1.5 120.0   13.10    89.6      -1.0000       0.0000
2019 01 07 13 34 29    12.1     0.0   0.881   0.2   0.1   0.0  37.4  41.3   0.0 117 125   0  30  29  23   0  259.8  -2.0  -2.4  0.0  0.0  0.0  26.03     0.6294    0.004  12.6   1.5 120.0   12.10    90.0      -1.0000       0.0000
